x,BigM - Optimality KKT SOS1_2,BigM - Optimality KKT BigM_2,BigM - Optimality KKT BigM_3,BigM - Optimality KKT SOS1_3
0,0.367777777777778,0.517777777777778,0.172222222222222,0.15
109.090909090909,1,1,1,1
218.181818181818,1,1,1,1
327.272727272727,1,1,1,1
436.363636363636,1,1,1,1
545.454545454545,1,1,1,1
654.545454545455,1,1,1,1
763.636363636364,1,1,1,1
872.727272727273,1,1,1,1
981.818181818182,1,1,1,1
1090.90909090909,1,1,1,1
1200,1,1,1,1
1309.09090909091,1,1,1,1
1418.18181818182,1,1,1,1
1527.27272727273,1,1,1,1
1636.36363636364,1,1,1,1
1745.45454545455,1,1,1,1
1854.54545454545,1,1,1,1
1963.63636363636,1,1,1,1
2072.72727272727,1,1,1,1
2181.81818181818,1,1,1,1
2290.90909090909,1,1,1,1
2400,1,1,1,1
2509.09090909091,1,1,1,1
2618.18181818182,1,1,1,1
2727.27272727273,1,1,1,1
2836.36363636364,1,1,1,1
2945.45454545455,1,1,1,1
3054.54545454545,1,1,1,1
3163.63636363636,1,1,1,1
3272.72727272727,1,1,1,1
3381.81818181818,1,1,1,1
3490.90909090909,1,1,1,1
3600,1,1,1,1
3709.09090909091,1,1,1,1
3818.18181818182,1,1,1,1
3927.27272727273,1,1,1,1
4036.36363636364,1,1,1,1
4145.45454545455,1,1,1,1
4254.54545454545,1,1,1,1
4363.63636363636,1,1,1,1
4472.72727272727,1,1,1,1
4581.81818181818,1,1,1,1
4690.90909090909,1,1,1,1
4800,1,1,1,1
4909.09090909091,1,1,1,1
5018.18181818182,1,1,1,1
5127.27272727273,1,1,1,1
5236.36363636364,1,1,1,1
5345.45454545455,1,1,1,1
5454.54545454545,1,1,1,1
5563.63636363636,1,1,1,1
5672.72727272727,1,1,1,1
5781.81818181818,1,1,1,1
5890.90909090909,1,1,1,1
6000,1,1,1,1
6109.09090909091,1,1,1,1
6218.18181818182,1,1,1,1
6327.27272727273,1,1,1,1
6436.36363636364,1,1,1,1
6545.45454545455,1,1,1,1
6654.54545454545,1,1,1,1
6763.63636363636,1,1,1,1
6872.72727272727,1,1,1,1
6981.81818181818,1,1,1,1
7090.90909090909,1,1,1,1
7200,1,1,1,1
7309.09090909091,1,1,1,1
7418.18181818182,1,1,1,1
7527.27272727273,1,1,1,1
7636.36363636364,1,1,1,1
7745.45454545455,1,1,1,1
7854.54545454545,1,1,1,1
7963.63636363636,1,1,1,1
8072.72727272727,1,1,1,1
8181.81818181818,1,1,1,1
8290.90909090909,1,1,1,1
8400,1,1,1,1
8509.09090909091,1,1,1,1
8618.18181818182,1,1,1,1
8727.27272727273,1,1,1,1
8836.36363636364,1,1,1,1
8945.45454545455,1,1,1,1
9054.54545454545,1,1,1,1
9163.63636363636,1,1,1,1
9272.72727272727,1,1,1,1
9381.81818181818,1,1,1,1
9490.90909090909,1,1,1,1
9600,1,1,1,1
9709.09090909091,1,1,1,1
9818.18181818182,1,1,1,1
9927.27272727273,1,1,1,1
10036.3636363636,1,1,1,1
10145.4545454545,1,1,1,1
10254.5454545455,1,1,1,1
10363.6363636364,1,1,1,1
10472.7272727273,1,1,1,1
10581.8181818182,1,1,1,1
10690.9090909091,1,1,1,1
10800,1,1,1,1
